m 2 0 108
m 2 1 208
m 0 2 504
m 0 3 588
m 0 4 824
m 0 5 828
m 2 6 400
m 1 7 512
m 0 8 192
m 0 9 876
m 1 10 708
m 0 11 264
f 0 8
m 2 12 956
m 2 13 952
m 2 14 208
f 0 4
m 1 15 420
m 0 16 608
m 2 17 204
m 0 18 364
f 0 11
m 2 19 328
m 2 20 280
m 2 21 876
m 0 22 80
m 1 23 140
m 2 24 356
m 0 25 516
m 0 26 540
m 1 27 624
m 0 28 632
m 2 29 640
m 2 30 852
m 0 31 188
f 1 10
m 1 32 484
m 1 33 40
m 1 34 832
m 0 35 108
m 2 36 68
f 0 16
m 2 37 1024
m 2 38 392
f 1 23
f 2 29
f 1 32
m 2 39 864
f 2 17
m 2 40 532
f 0 31
m 0 41 944
f 1 27
m 0 42 260
m 0 43 400
m 0 44 668
m 2 45 104
f 0 43
m 1 46 180
m 2 47 996
m 0 48 220
m 0 49 832
m 0 50 948
m 2 51 400
m 1 52 532
m 1 53 432
m 0 54 480
m 2 55 772
m 0 56 672
f 0 3
m 0 57 292
m 0 58 980
f 2 6
m 0 59 644
m 2 60 412
f 2 47
m 1 61 932
m 1 62 120
m 0 63 872
m 2 64 100
m 2 65 52
m 1 66 504
m 1 67 424
f 2 21
f 2 24
f 2 30
m 0 68 208
f 0 28
f 2 40
f 2 51
f 1 15
f 1 66
f 1 7
f 2 65
f 0 50
m 2 69 200
m 2 70 472
f 2 14
f 2 64
f 0 68
f 0 57
f 1 52
m 0 71 492
m 1 72 456
f 2 13
f 0 2
m 0 73 308
f 2 45
f 0 49
f 2 69
f 0 9
f 0 71
m 1 74 208
f 1 34
m 1 75 992
f 1 74
m 0 76 796
f 0 59
f 1 61
f 1 46
m 1 77 820
f 2 38
m 1 78 116
m 0 79 40
f 0 42
f 1 75
m 2 80 792
f 2 1
f 2 55
f 0 25
f 2 12
m 1 81 768
m 2 82 172
f 1 78
f 0 54
m 1 83 616
f 0 26
m 2 84 216
m 0 85 476
f 1 67
f 0 79
f 2 80
f 0 56
f 2 37
m 1 86 248
m 2 87 76
m 0 88 820
m 1 89 468
f 2 60
f 1 77
f 0 85
f 1 62
f 2 84
f 0 88
f 2 0
f 0 5
f 2 39
f 2 20
m 2 90 880
f 2 36
f 1 81
f 1 83
f 2 87
f 0 48
m 1 91 860
f 0 58
f 1 72
m 2 92 548
f 0 63
f 1 89
f 0 18
m 1 93 536
f 1 33
f 1 91
f 2 70
m 1 94 836
f 0 41
f 0 44
f 2 90
f 0 22
f 1 94
m 0 95 428
f 0 35
m 1 96 736
f 0 95
f 0 73
m 0 97 220
f 1 53
f 1 86
f 2 19
f 1 93
m 0 98 928
f 1 96
f 2 92
f 0 97
m 1 99 228
f 1 99
f 0 98
f 2 82
f 0 76
